1000
49
844 752
311 426
601 928
167 708
780 960
336 957
836 173
31 372
502 385
382 659
272 389
375 962
900 956
807 6
923 247
74 29
231 239
757 205
739 103
759 98
593 673
657 549
889 246
708 708
217 813
94 338
692 360
611 660
445 804
18 431
34 126
779 628
768 330
74 513
128 473
646 547
227 215
710 849
606 210
369 2
504 502
129 303
821 631
778 627
174 84
163 232
624 276
362 212
797 350
62
747 406
977 337
486 250
910 679
845 537
775 185
452 878
113 75
88 974
57 19
68 728
746 442
15 636
374 977
747 691
644 252
51 623
119 810
135 234
703 23
427 462
716 280
280 865
387 878
247 87
597 851
689 115
590 898
295 509
79 618
962 554
968 753
14 111
335 691
648 820
972 662
843 200
900 494
574 982
737 460
803 875
388 83
581 459
948 271
816 284
486 543
343 910
24 728
605 647
306 83
680 794
519 409
294 115
5 746
105 310
371 537
392 122
534 415
966 61
573 534
945 554
23 115
90
977 328
837 68
31 300
890 462
503 99
475 130
975 620
874 978
440 471
218 569
559 34
271 190
196 473
795 68
743 370
87 987
448 666
273 482
49 202
473 100
88 696
490 891
301 992
424 288
909 973
555 256
140 813
300 13
865 463
826 505
939 934
453 637
547 559
747 670
242 191
49 283
326 416
454 5
486 890
215 161
881 608
165 731
410 706
496 377
550 8
178 761
697 726
608 833
601 926
653 713
155 813
38 972
657 975
569 305
507 975
808 375
296 483
962 455
145 518
402 936
738 593
16 901
55 600
900 986
124 730
83 151
791 992
526 76
6 458
570 894
585 941
693 467
72 709
658 374
704 145
252 73
557 4
216 809
284 315
587 878
642 818
327 785
660 724
369 690
365 675
502 172
414 315
981 292
150 588
336 183
2
472 662
760 36
31
301 414
991 588
589 228
238 774
740 536
824 881
438 117
526 811
287 932
922 58
832 247
256 728
292 8
21 373
661 255
689 752
272 972
937 753
689 120
416 210
142 501
892 658
426 1000
985 697
944 188
683 292
620 361
688 632
193 146
101 228
256 649
86
164 318
273 51
95 304
114 900
379 493
554 202
84 899
95 666
100 476
883 659
707 318
531 689
422 754
634 928
148 747
344 445
1000 530
568 55
399 571
376 841
937 206
170 639
536 74
720 200
410 138
663 113
717 253
879 315
469 101
894 292
443 539
329 431
561 516
214 96
648 676
796 155
124 48
122 643
973 945
784 128
869 96
790 531
909 69
1000 785
431 356
58 856
400 495
659 721
443 362
398 954
168 351
914 362
974 275
566 856
243 614
653 613
246 22
482 324
281 93
154 160
962 583
357 775
917 364
727 233
579 660
459 271
555 232
471 57
895 141
72 901
14 641
573 423
578 938
657 886
454 206
620 626
926 217
671 438
19 840
848 188
534 256
268 83
966 677
304 606
219 657
559 755
57
538 647
789 458
367 737
33 798
900 396
517 441
350 765
925 380
244 726
239 57
589 65
769 799
621 616
826 508
493 284
519 752
771 109
89 781
537 978
740 886
357 772
541 827
779 501
869 110
129 756
566 273
474 372
591 456
294 792
804 329
38 140
988 159
297 96
550 588
521 837
809 208
246 18
714 357
993 828
76 558
860 994
911 119
704 759
302 17
114 408
566 453
193 345
301 639
139 743
979 737
183 837
723 814
201 369
305 62
576 493
68 362
685 449
49
811 285
326 170
397 134
466 484
206 751
598 302
866 983
3 871
805 323
32 78
304 197
600 440
77 809
615 831
845 174
865 950
202 361
936 502
689 438
29 415
965 716
699 686
399 66
143 443
296 884
410 208
145 668
878 497
91 843
261 15
152 309
795 29
563 752
510 928
200 146
225 70
703 210
620 804
819 535
593 868
809 458
200 265
787 678
836 213
511 551
882 424
617 459
505 585
730 169
9
177 751
142 269
563 49
36 573
405 179
709 697
603 144
564 243
78 812
18
847 748
173 110
307 789
732 149
445 801
3 664
906 738
176 145
145 150
749 322
78 484
8 839
371 642
537 23
185 281
41 741
67 760
591 244
10
148 760
977 885
592 815
518 328
453 945
417 856
332 90
529 438
303 770
829 304
67
662 411
671 761
959 973
270 728
856 966
536 915
671 995
487 856
433 370
469 922
97 752
509 186
237 163
799 403
743 379
58 566
616 450
32 468
903 109
806 667
571 670
7 510
739 181
431 157
194 800
806 276
223 289
567 598
407 272
699 34
985 192
657 725
769 319
901 855
625 78
174 134
216 16
348 270
5 685
817 342
273 415
6 980
968 547
193 66
330 259
196 460
205 590
528 500
920 422
340 532
750 177
884 537
688 130
577 851
77 1
93 786
980 255
477 914
555 186
96 666
719 81
165 315
257 984
365 132
73 510
349 166
458 245
98
660 477
330 464
427 397
141 522
787 485
435 335
426 172
957 474
533 437
760 346
327 820
144 828
826 850
195 714
754 12
25 38
585 504
556 302
909 125
532 124
811 986
367 733
119 34
19 31
550 767
798 144
662 137
432 38
668 69
727 631
124 219
838 603
249 924
336 75
384 724
66 989
224 850
271 342
584 554
163 363
734 681
441 231
463 863
569 87
741 105
358 165
80 153
681 403
521 965
459 308
786 576
925 209
826 501
294 583
105 121
81 306
408 212
285 302
177 319
296 777
806 290
140 592
681 95
348 664
203 879
836 39
134 914
595 70
158 642
289 464
198 728
790 231
923 472
749 837
710 669
203 178
87 931
758 862
959 54
377 513
588 332
13 22
539 448
395 936
521 822
994 987
770 139
736 992
104 777
641 679
870 334
489 955
932 711
193 836
77 847
785 640
782 173
471 754
51
234 66
845 45
376 225
988 294
236 262
54 750
565 299
222 443
221 315
391 180
416 388
328 726
918 851
364 621
972 647
317 967
580 729
197 759
995 283
385 585
612 78
805 84
561 746
422 655
686 173
691 666
728 410
524 9
496 463
814 791
158 33
958 688
971 733
154 349
728 946
1000 504
229 575
439 296
700 63
82 163
399 861
426 354
744 206
775 399
123 1000
77 270
768 583
425 856
94 767
880 60
26 775
15
896 115
504 134
601 702
753 691
595 470
603 532
940 102
452 292
872 7
537 272
688 265
633 523
774 273
714 840
62 32
95
93 150
968 658
982 765
978 846
567 573
245 826
627 817
680 268
445 175
467 430
51 767
829 952
559 534
325 870
605 256
53 918
222 153
939 533
114 168
579 451
899 857
238 215
451 425
173 660
447 345
681 279
899 497
530 231
953 910
149 568
65 736
779 509
46 52
408 957
347 916
846 75
342 774
781 572
701 608
663 187
948 847
507 83
237 762
725 602
70 121
726 762
920 258
302 643
476 803
114 829
91 65
258 620
851 961
679 749
136 760
884 893
739 832
541 831
13 721
761 60
390 545
787 674
129 151
185 194
437 493
897 804
314 748
761 549
354 139
767 597
553 13
496 755
954 890
499 824
635 183
631 490
291 531
90 524
895 369
420 360
37 471
29 922
271 516
392 720
686 624
291 614
560 970
688 310
604 880
33 208
263 152
758 413
479 948
506 406
761 265
77
46 447
152 108
196 664
947 360
427 420
664 131
289 223
909 785
949 401
197 87
458 859
460 246
743 370
826 626
878 769
80 775
282 48
834 494
803 87
150 715
44 345
126 369
290 547
548 38
821 37
497 597
677 179
656 824
489 401
455 447
377 940
551 749
190 652
828 868
464 278
871 577
876 457
531 613
7 333
299 485
30 230
466 738
487 576
341 956
863 937
383 618
638 541
20 57
90 615
583 587
677 294
732 861
574 425
66 748
471 60
288 466
70 680
876 885
916 145
853 483
76 457
67 205
986 877
93 750
244 871
129 315
16 60
220 969
455 128
880 884
680 560
384 513
417 165
288 547
687 997
950 28
276 261
34
721 932
218 242
635 93
719 690
653 320
498 771
226 641
157 141
779 36
169 712
951 480
203 532
602 937
438 751
549 457
42 64
294 959
1 509
154 541
862 836
845 599
617 309
155 705
955 546
48 909
89 522
188 83
107 860
37 408
316 882
864 462
330 364
394 811
311 252
6
119 491
684 856
285 654
530 572
826 911
281 289
78
597 565
732 236
819 852
801 895
456 713
47 98
109 189
857 363
453 801
849 935
221 535
630 663
638 943
81 864
25 843
248 375
678 971
980 286
338 918
66 778
7 695
265 93
345 770
278 437
768 874
501 18
539 716
22 500
465 9
843 529
101 283
622 48
47 800
37 353
963 318
207 784
875 560
950 49
983 47
160 840
761 796
298 502
816 837
861 547
313 206
759 262
370 214
974 31
15 619
557 342
237 603
982 10
417 205
173 64
515 825
910 580
140 70
124 125
523 182
526 690
734 790
258 20
414 725
723 78
881 526
125 955
941 61
397 944
527 788
817 210
75 92
418 221
21 98
332 988
440 251
335 737
716 760
94 172
37
867 535
144 402
794 972
219 702
240 558
391 252
936 678
772 150
966 391
415 394
39 354
89 986
163 725
137 297
47 706
467 147
953 633
269 282
991 182
876 475
828 367
760 589
343 579
704 97
725 366
976 451
594 623
923 151
234 309
606 395
858 478
995 840
67 521
366 233
952 830
61 791
304 735
78
576 63
234 67
929 776
961 638
345 973
376 26
574 515
847 38
104 664
946 236
417 297
53 578
377 563
805 447
726 550
397 673
179 23
426 511
472 53
747 195
230 178
357 305
887 872
909 807
437 16
997 436
740 398
131 735
471 980
835 442
519 524
880 691
477 781
887 172
176 970
267 635
457 736
632 983
696 424
206 22
177 264
335 29
821 934
114 197
564 211
954 290
850 99
434 961
333 282
246 560
693 749
631 647
720 62
771 675
963 274
781 993
998 15
795 473
189 217
58 272
27 631
245 658
817 114
542 102
922 126
749 762
724 881
558 150
425 936
377 957
420 725
811 725
766 549
477 578
641 372
585 559
786 244
316 526
78
640 393
500 784
333 264
153 24
592 709
744 638
590 571
988 909
504 689
137 612
716 781
274 351
953 69
922 71
169 768
480 662
740 460
730 449
643 8
528 766
333 471
112 429
212 112
82 550
301 687
439 459
511 88
64 986
980 748
608 659
950 699
773 47
445 678
551 373
263 162
718 318
743 609
163 812
438 194
493 985
109 294
95 833
132 419
325 141
641 532
459 946
509 617
438 979
268 850
141 355
837 18
293 210
667 38
270 747
40 245
322 567
38 382
225 597
36 285
711 568
969 108
398 55
57 372
655 534
623 130
222 11
981 178
97 930
145 931
253 613
881 596
361 682
805 62
689 830
234 362
710 876
138 995
370 470
100
527 102
311 773
427 828
614 370
517 564
8 71
466 668
930 822
605 774
872 758
722 129
930 506
396 616
562 3
133 262
454 217
337 396
414 853
890 284
543 611
314 705
329 147
67 220
836 438
918 896
586 258
757 438
744 909
140 120
408 259
558 684
977 716
811 579
115 361
758 383
1000 424
334 14
31 936
618 709
49 418
36 250
292 757
284 245
472 339
448 500
270 572
297 483
173 229
213 668
275 504
534 79
483 611
627 326
878 729
27 598
172 68
476 89
11 555
261 353
872 971
64 520
565 378
132 99
607 329
639 812
406 495
16 544
876 91
590 687
632 401
442 199
631 557
250 718
815 494
523 891
921 821
212 632
473 960
988 663
766 184
468 45
164 672
880 96
1 546
346 632
839 620
84 339
184 905
11 489
475 11
100 651
416 320
782 752
54 911
698 616
208 770
641 235
387 188
969 562
116 940
85
530 847
770 737
976 545
559 63
888 673
675 690
263 864
962 880
936 61
705 437
327 557
390 566
321 322
885 1000
545 541
746 233
572 869
998 652
345 908
625 512
980 279
377 261
74 62
894 508
161 398
681 505
928 236
153 59
642 994
694 658
675 700
157 308
363 645
7 210
554 296
816 215
568 80
120 390
30 911
614 60
311 794
516 648
54 551
308 915
921 800
169 426
117 575
530 739
958 315
486 115
965 795
809 259
716 695
847 416
486 919
551 108
295 342
156 952
172 881
78 130
499 681
30 733
127 179
174 175
374 45
634 612
948 730
798 898
467 708
945 468
34 971
957 476
192 165
386 88
559 124
225 262
4 430
649 638
110 364
963 252
225 105
565 15
281 113
808 229
754 773
82
713 357
892 937
151 52
544 521
915 763
174 158
988 903
502 672
721 160
741 30
12 380
49 557
281 158
648 165
40 799
625 776
289 903
6 806
669 25
382 447
364 842
490 569
767 536
515 149
194 47
331 154
178 24
102 173
576 22
905 291
241 991
156 695
329 213
313 235
438 863
646 401
56 755
513 89
393 204
364 922
246 149
12 125
827 292
519 413
247 542
724 616
497 385
398 421
345 74
508 111
131 585
390 829
721 918
348 910
433 747
761 217
445 314
745 771
915 911
878 963
288 146
133 692
286 574
221 721
425 807
253 228
468 46
14 439
796 442
400 832
448 150
624 666
335 633
717 647
985 165
801 979
990 349
978 379
25 982
82 526
844 151
74 586
51
739 765
990 877
739 880
42 582
938 952
191 558
389 869
27 676
725 821
536 705
492 961
844 972
351 560
901 697
515 596
188 684
123 133
444 26
659 380
567 258
702 702
503 33
354 114
179 216
529 59
930 654
453 61
862 467
804 286
955 371
807 260
621 601
552 34
193 47
504 709
833 573
220 131
731 887
474 776
359 907
512 415
18 248
380 138
33 719
256 177
959 746
848 406
511 290
210 885
642 94
150 588
41
126 678
45 860
932 140
386 398
264 977
697 812
595 253
389 483
296 748
947 928
335 30
879 236
257 593
2 419
178 590
303 754
143 275
442 268
599 943
596 356
748 703
534 89
525 503
460 801
378 442
205 673
427 832
660 763
382 340
477 177
150 460
434 150
967 39
446 611
30 186
558 433
518 367
942 770
940 458
867 268
965 859
27
440 781
481 755
610 619
522 470
754 954
966 397
443 654
217 468
447 868
522 792
912 730
727 838
869 731
48 741
323 800
352 763
878 521
810 827
129 680
92 675
507 966
543 660
995 755
329 922
951 629
560 576
516 887
100
622 314
749 323
295 897
848 709
363 1000
761 139
276 640
206 272
709 289
15 882
941 835
881 245
194 45
278 781
131 601
874 799
913 286
909 951
549 826
394 213
989 191
860 608
140 970
101 348
938 771
264 936
801 421
546 925
75 758
266 448
863 851
91 264
987 582
55 313
177 374
377 569
687 996
222 663
296 149
533 207
168 977
718 242
943 835
402 644
741 884
658 675
765 887
166 495
974 632
704 911
994 425
111 230
267 456
111 756
128 926
407 848
74 460
335 406
806 254
279 890
898 338
475 70
353 555
662 160
191 332
78 259
146 935
565 857
995 626
359 734
392 701
686 26
513 422
992 255
327 461
142 478
355 251
194 400
559 687
20 64
333 785
405 282
572 971
658 643
291 940
717 676
996 612
989 790
532 892
696 768
548 120
864 76
274 363
625 922
606 674
728 159
913 448
398 542
111 966
131 933
54
788 107
569 607
706 391
753 628
745 202
831 970
646 22
661 83
447 229
835 286
546 765
669 339
692 223
715 351
145 2
790 505
916 340
420 531
10 674
426 95
877 744
154 575
128 838
475 917
83 535
336 678
458 554
512 986
595 582
574 661
837 90
316 261
711 317
22 137
28 134
524 195
621 424
147 735
870 998
246 162
770 7
647 201
549 933
516 477
909 477
223 721
272 537
774 750
124 576
858 249
121 806
187 365
294 364
749 416
97
510 985
128 935
889 33
490 870
905 512
421 278
197 803
435 461
384 959
714 937
545 520
196 752
229 349
654 709
245 680
910 535
185 896
19 668
725 594
304 314
365 913
105 117
535 523
461 616
324 371
679 299
804 313
20 22
703 793
627 380
854 212
481 422
839 27
516 193
251 110
568 380
251 473
745 273
70 444
40 458
216 329
8 800
279 947
548 472
363 6
303 990
422 226
235 425
89 966
88 153
846 108
845 583
257 897
603 451
676 65
401 261
906 908
960 673
998 560
758 537
712 684
312 933
287 87
352 312
938 400
836 217
104 720
474 107
34 995
564 277
213 186
607 918
513 222
994 270
615 973
986 166
370 945
438 644
682 936
535 194
175 662
146 794
1 765
535 810
551 120
721 104
522 221
29 579
891 399
706 117
357 635
311 491
571 235
621 279
845 603
601 232
604 225
55
127 873
324 202
325 497
956 430
994 453
399 840
78 524
844 851
465 328
402 996
757 603
162 166
977 209
168 822
863 333
925 698
475 968
734 354
385 10
639 225
319 601
52 292
723 445
801 429
26 417
568 851
80 381
382 70
652 607
662 318
498 820
344 678
993 84
76 125
866 868
387 723
913 813
962 829
817 587
621 955
454 101
602 702
182 20
816 19
865 512
458 769
44 631
156 552
835 325
789 424
260 456
465 143
462 901
44 568
512 88
50
978 966
973 134
138 483
278 286
794 89
70 462
234 695
473 397
276 812
563 572
206 838
810 196
897 260
20 447
272 320
835 199
586 515
71 228
567 65
205 488
620 678
983 625
613 792
59 803
780 68
253 78
888 121
186 884
541 489
121 18
549 1
26 299
617 774
898 739
834 985
248 41
190 650
92 307
129 438
784 58
299 221
672 709
414 274
700 992
169 417
934 987
333 255
862 387
240 179
736 230
69
752 246
992 89
248 85
845 843
98 258
142 691
56 619
412 44
187 535
136 785
217 579
683 936
653 641
93 544
567 18
664 676
564 46
345 958
652 57
423 956
121 236
738 592
788 737
129 38
36 551
485 636
242 14
417 730
643 838
967 140
355 811
79 960
559 751
470 393
669 565
74 833
578 44
482 607
822 57
528 443
527 236
9 906
266 928
910 298
597 248
305 665
630 22
513 842
123 492
238 97
247 935
676 459
46 168
405 925
462 971
171 158
612 156
169 135
935 941
56 935
598 967
127 921
286 427
977 378
213 10
475 942
7 113
746 419
537 528
64
425 613
521 559
540 212
662 545
544 723
167 280
609 137
976 679
33 782
166 517
408 792
821 730
914 285
966 204
281 758
962 534
561 512
685 61
76 345
77 724
294 497
159 810
12 979
186 470
365 604
114 359
276 518
388 88
109 467
30 70
628 870
531 957
493 489
357 515
78 792
337 631
688 632
567 400
147 857
969 983
897 640
283 618
364 648
907 351
796 827
253 201
817 523
390 825
581 72
429 378
830 351
944 851
636 461
70 546
246 527
11 862
452 128
442 13
639 531
382 439
905 224
195 273
327 824
623 509
84
135 940
586 21
681 900
827 222
140 109
851 240
623 349
126 780
643 346
401 663
763 471
127 63
351 286
420 586
45 764
78 683
69 784
656 697
51 876
634 272
846 78
582 988
416 22
62 838
846 432
982 825
790 846
395 25
996 209
538 460
895 706
665 560
461 763
454 859
184 446
763 507
986 573
82 328
220 23
103 863
261 204
454 749
144 518
751 98
207 774
381 156
240 165
288 894
739 437
471 16
337 647
476 75
745 136
647 345
843 873
295 926
284 820
340 624
901 505
335 988
574 239
823 633
741 855
740 261
287 952
344 56
698 777
9 508
633 964
80 470
861 964
63 925
420 629
993 34
560 466
575 353
394 83
281 721
343 304
480 722
291 421
757 200
127 352
365 267
43
572 393
79 496
550 962
530 573
942 290
634 164
463 602
679 18
605 815
367 868
640 664
605 74
92 55
964 672
945 693
1 562
556 314
46 870
931 993
7 971
711 560
632 42
329 715
949 199
75 694
843 406
682 455
504 565
286 834
830 840
946 738
565 295
158 325
856 976
658 369
985 679
130 285
210 665
359 702
948 323
876 990
686 668
543 389
59
404 594
488 724
956 73
228 789
631 77
732 186
511 292
713 496
509 352
876 334
743 689
687 791
691 684
458 878
758 98
736 310
205 945
501 57
981 781
710 920
744 408
143 30
655 224
160 959
163 407
410 263
981 190
457 372
809 458
999 973
332 523
69 267
633 899
246 857
459 413
419 501
863 497
153 379
823 507
321 605
379 703
730 542
355 673
354 50
206 67
133 846
985 417
881 223
981 88
64 334
121 12
224 391
485 171
111 248
440 713
976 752
83 136
167 668
794 461
5
819 457
896 688
174 638
814 323
241 472
29
736 938
982 84
622 9
843 924
101 619
290 260
561 757
370 106
868 183
862 639
826 526
427 621
516 768
50 285
275 25
10 845
845 956
633 869
88 483
287 351
63 466
654 249
41 370
95 236
27 85
937 484
227 179
48 706
635 386
71
779 115
384 101
105 104
869 39
309 97
160 343
190 837
485 606
696 163
39 353
871 639
174 364
224 372
649 438
161 395
447 542
392 532
190 628
701 200
45 746
137 114
232 506
42 237
571 709
415 100
82 509
623 669
865 364
693 457
338 413
120 270
820 106
680 815
525 790
379 9
782 17
880 755
979 29
357 80
932 72
133 750
337 70
987 539
580 763
428 899
969 410
357 621
486 778
5 37
770 377
754 939
337 5
362 761
111 887
605 296
685 761
473 151
371 575
779 595
527 978
400 488
28 560
365 316
51 817
898 481
605 628
446 428
985 759
389 708
99 223
951 258
64
733 13
338 171
411 506
365 598
820 588
477 500
954 96
16 287
590 530
838 512
637 31
533 598
760 323
241 226
269 16
332 703
799 113
697 115
994 959
985 535
687 89
775 888
104 699
499 768
89 12
706 873
900 140
74 354
702 582
632 632
828 795
895 430
642 281
916 589
640 440
1 46
367 241
685 737
797 517
561 510
90 114
495 450
895 927
766 650
327 892
395 84
760 290
38 432
589 289
830 291
955 323
406 626
565 410
691 555
962 617
901 379
114 949
858 981
534 327
652 965
263 563
805 724
423 216
877 740
8
39 385
178 56
856 463
968 880
764 205
334 137
224 560
495 211
26
295 942
65 726
274 203
977 538
654 437
931 779
668 898
358 813
22 68
594 137
481 117
720 31
100 104
858 737
497 828
471 303
399 423
39 411
315 190
837 301
832 338
486 253
281 289
785 701
34 716
381 906
50
375 575
170 423
225 925
605 118
579 695
983 155
630 441
10 55
547 445
805 172
467 749
643 248
790 781
555 529
774 833
985 953
250 304
835 890
642 552
73 838
541 643
608 504
564 478
789 815
284 602
138 303
942 534
826 27
186 542
183 316
255 489
821 118
56 192
836 648
819 523
810 892
82 397
603 872
203 409
706 379
663 758
181 223
194 731
165 775
565 890
958 985
925 425
4 559
584 60
555 521
92
678 200
264 212
601 522
872 441
27 231
405 264
803 339
505 421
67 713
348 986
167 821
139 642
751 79
352 500
571 931
708 1
778 847
262 236
180 844
439 863
225 770
657 196
633 75
749 897
560 717
119 216
351 235
50 606
344 573
281 784
583 958
289 408
111 869
483 386
314 250
597 573
353 788
461 576
942 475
124 260
636 649
407 386
865 267
456 993
928 220
26 706
741 118
492 810
698 322
44 374
751 470
4 398
1 980
668 775
242 442
8 280
695 505
1 114
88 72
738 109
6 786
364 259
974 256
787 250
120 822
52 427
687 729
952 894
997 510
950 159
710 876
180 575
467 327
701 73
404 765
618 440
107 794
900 447
735 578
949 279
968 886
194 551
995 788
213 815
579 161
220 537
750 680
780 465
530 365
297 162
559 474
106 375
100
854 481
706 35
774 389
92 562
386 719
375 460
937 465
84 265
757 686
69 167
451 447
428 449
293 152
638 214
449 228
182 967
740 581
850 199
70 818
148 667
266 800
305 948
717 224
440 5
157 435
643 91
355 903
366 831
246 535
284 255
499 790
42 314
379 915
849 632
97 115
187 99
3 922
671 607
314 314
901 838
739 183
551 465
907 101
415 708
272 954
699 391
836 458
543 432
511 6
693 118
840 364
107 443
116 47
607 291
52 533
147 627
2 19
683 684
509 160
143 297
39 31
593 593
76 952
121 218
234 724
865 779
764 297
270 310
694 330
522 293
64 428
403 194
922 431
767 125
69 352
137 958
8 760
727 852
173 439
291 958
278 813
317 427
461 880
851 770
199 133
672 921
1000 790
950 99
185 471
93 587
84 837
889 152
585 867
168 97
477 51
919 531
120 757
977 184
193 522
303 9
42
278 954
558 961
75 714
971 888
102 236
864 761
582 65
191 954
912 427
365 42
343 163
943 966
943 728
933 523
729 751
804 210
533 271
947 416
6 55
262 480
362 848
146 394
844 513
385 315
337 758
290 476
447 106
333 903
379 891
151 562
441 610
190 257
321 411
929 883
280 963
84 797
117 489
461 665
727 248
496 204
481 903
230 877
18
550 239
49 76
653 336
828 202
339 45
625 997
756 76
706 631
964 464
564 501
269 773
666 141
271 750
942 415
240 796
318 764
320 921
605 121
16
207 793
559 432
159 56
67 557
210 845
911 239
356 253
777 504
197 558
367 155
688 145
473 281
898 590
51 159
650 233
812 551
26
871 954
35 761
497 132
332 157
376 385
578 262
364 243
428 578
984 129
658 124
152 939
802 499
694 688
437 117
349 11
105 482
661 49
804 411
891 979
211 488
301 460
539 616
300 372
206 595
287 175
402 691
66
981 553
734 465
848 935
613 767
462 690
721 536
359 762
67 436
404 833
392 895
436 445
238 771
695 911
695 819
209 223
587 463
829 713
149 636
729 699
991 449
837 397
524 668
516 288
166 159
749 987
477 67
787 510
859 82
625 857
837 841
550 971
310 781
403 57
612 433
770 774
321 478
16 272
478 253
131 91
845 613
33 126
248 299
585 718
452 28
141 753
466 299
368 972
69 583
578 332
751 786
250 707
852 105
140 194
471 437
371 445
566 21
965 372
547 637
186 162
551 64
579 359
20 718
90 360
753 94
250 169
923 345
33
596 869
457 181
472 116
14 541
179 646
318 210
597 863
743 200
634 841
900 35
721 277
913 830
917 999
719 762
788 356
697 666
203 749
390 496
970 732
278 57
815 122
187 382
196 278
232 877
243 970
198 910
187 950
13 252
197 77
911 650
274 940
55 302
167 142
52
316 373
977 540
192 599
743 26
166 890
118 670
351 571
955 488
499 521
132 382
794 310
66 396
947 772
394 988
662 594
236 471
621 785
906 669
309 148
420 243
640 516
177 698
760 751
333 48
217 158
897 169
557 77
680 437
300 371
199 520
934 35
416 289
476 732
378 969
164 63
780 901
44 340
615 626
959 106
37 244
421 587
720 859
410 239
419 645
28 524
325 665
849 443
115 156
110 225
238 883
135 929
770 480
75
652 560
517 17
369 316
714 485
39 529
670 725
601 84
674 18
680 66
756 28
366 550
300 858
591 699
513 587
873 616
415 769
209 794
310 731
979 154
323 4
317 241
789 795
64 47
580 300
919 668
992 503
114 586
572 514
745 177
890 876
973 160
911 278
1 606
359 718
896 438
786 838
317 410
261 106
941 795
308 45
514 576
257 470
828 333
284 363
640 522
694 613
586 100
465 854
627 994
315 755
99 419
466 6
494 454
375 318
324 426
565 776
105 466
3 382
285 573
570 600
685 869
775 608
614 867
207 429
956 53
482 543
517 918
468 908
870 319
753 662
546 356
130 555
225 886
221 269
326 704
66
463 765
865 438
235 95
852 346
158 734
743 51
406 131
408 727
815 129
710 691
178 275
916 239
807 985
939 997
281 196
667 786
643 838
874 55
55 665
169 491
70 576
253 747
534 706
604 393
728 411
652 103
441 344
558 478
519 354
656 668
167 805
827 380
279 446
739 158
896 727
391 791
401 978
23 864
117 477
622 350
18 552
380 246
426 559
386 327
832 369
449 41
519 92
692 596
286 399
587 858
493 898
484 407
588 375
494 139
415 584
833 145
739 873
859 873
79 739
59 707
669 575
40 160
825 188
851 538
436 135
824 357
73
230 506
463 980
401 8
177 282
405 89
725 18
921 480
230 399
137 549
817 624
346 878
949 74
301 965
849 677
275 789
877 307
952 834
755 687
218 931
778 571
690 438
448 38
275 491
698 427
349 82
738 220
361 959
623 28
979 547
973 183
85 488
112 900
844 836
700 67
291 994
91 125
775 924
820 157
539 548
389 149
162 934
16 950
730 299
89 274
188 983
704 634
920 968
303 782
181 214
393 124
966 395
467 861
342 108
667 870
945 498
125 20
42 806
408 526
666 268
384 116
618 44
724 908
360 987
114 784
680 57
908 821
140 478
496 812
978 978
39 247
500 799
820 2
898 363
49
493 801
818 579
104 779
14 387
752 993
336 400
199 836
992 91
755 748
504 966
557 207
753 578
806 192
413 82
265 205
228 126
20 551
299 591
827 195
226 51
899 651
980 585
83 898
147 593
642 174
970 672
68 347
708 561
625 498
861 49
570 883
397 196
478 573
872 78
133 536
911 343
145 803
949 642
23 133
171 466
456 227
26 460
72 591
711 988
559 160
62 22
420 157
127 796
738 603
81
170 427
884 260
916 546
92 50
488 72
24 614
512 234
277 73
120 825
596 417
443 695
650 206
360 963
898 761
138 670
292 223
558 39
62 715
915 917
310 913
494 279
945 637
360 770
746 54
192 714
514 476
103 157
110 364
886 710
871 108
654 434
295 567
720 552
478 183
756 903
13 898
730 432
516 685
889 693
967 228
304 636
354 701
853 866
441 280
50 500
796 721
690 172
3 765
124 53
555 953
536 361
614 81
64 842
112 510
770 548
76 31
947 502
420 887
265 899
137 53
807 889
357 292
538 83
334 108
386 665
395 827
112 269
960 767
214 653
51 402
824 534
170 224
702 16
84 999
968 846
717 67
625 849
226 951
442 876
884 509
429 564
11
370 701
536 423
704 176
446 839
43 529
948 42
708 362
479 640
602 400
127 575
323 787
97
995 600
707 808
349 903
867 130
677 65
790 736
399 770
758 439
631 885
606 816
609 594
872 613
128 469
158 324
906 429
710 444
603 699
334 846
754 110
868 578
362 549
890 145
519 582
897 726
921 99
724 408
312 250
338 965
601 614
281 467
416 537
710 183
377 768
744 42
629 592
535 480
871 424
383 107
218 566
64 757
165 873
408 862
673 133
580 253
244 248
127 789
470 7
16 378
122 5
995 61
48 462
614 990
423 382
658 227
911 728
760 771
211 901
999 226
450 972
219 52
682 334
870 81
982 116
984 4
80 840
129 910
640 776
423 710
302 845
609 611
291 888
285 945
250 570
726 647
84 418
782 794
222 792
569 657
480 461
337 833
244 789
126 216
864 744
53 623
772 340
310 382
867 309
934 501
72 548
769 832
73 34
837 792
374 313
830 105
378 950
657 273
769 425
33
335 249
375 304
145 830
883 353
538 379
600 628
276 76
324 952
649 268
390 817
155 174
479 832
129 822
892 922
1000 456
707 564
482 389
194 614
743 546
408 276
817 108
623 899
849 494
959 560
78 802
538 652
457 659
329 382
562 974
610 990
653 24
49 279
656 180
84
990 528
920 714
750 854
264 680
608 997
923 255
17 300
293 561
608 272
701 355
962 649
291 577
703 503
677 952
102 190
496 280
701 684
435 913
886 195
898 31
587 645
381 766
307 408
947 246
995 265
444 908
839 31
746 733
908 245
694 81
603 446
395 563
944 26
416 387
306 700
163 290
952 736
107 848
830 358
116 248
487 461
333 638
705 236
752 953
504 945
401 459
988 100
135 77
801 352
929 429
224 893
935 653
171 448
556 120
469 686
629 456
451 839
666 27
145 150
939 864
226 632
57 658
982 906
68 782
546 942
865 767
516 80
440 588
831 858
263 727
914 187
258 805
740 927
647 210
400 972
999 59
80 555
447 258
417 67
646 631
673 89
750 731
848 335
277 165
13
221 90
847 381
472 756
923 251
720 934
352 932
356 946
828 110
464 492
739 636
945 276
253 428
524 142
93
177 895
80 93
539 163
52 999
108 360
337 153
849 368
345 573
615 158
128 849
200 187
643 362
54 81
681 893
10 380
802 26
846 926
603 798
675 920
141 9
399 688
113 637
921 588
713 576
795 147
498 931
720 140
433 811
368 384
529 368
718 433
524 266
959 840
330 925
774 484
168 682
485 499
614 431
279 926
946 536
552 12
997 641
797 603
559 446
287 777
590 139
757 717
327 632
927 653
855 22
979 985
654 876
975 311
359 698
230 424
805 231
867 201
600 269
703 474
930 115
951 106
401 27
880 123
571 109
342 882
439 906
473 405
881 792
575 480
118 420
499 314
126 630
826 175
288 986
315 579
118 738
257 436
906 161
455 388
288 93
441 458
470 429
540 227
75 821
19 514
711 143
235 485
554 724
786 606
270 863
346 144
52 73
57 433
47
672 527
621 363
402 146
952 980
489 491
922 947
168 383
855 363
173 140
44 972
906 280
512 382
354 786
325 179
336 361
801 682
429 774
632 561
348 230
255 798
697 885
764 204
971 449
920 287
449 577
430 110
713 117
982 539
354 685
527 678
433 913
288 42
961 274
469 366
126 143
552 486
652 648
539 938
132 101
68 191
387 373
431 731
711 793
951 959
431 28
644 356
787 254
46
816 44
397 395
811 771
771 731
877 751
385 649
452 144
208 357
976 913
783 685
340 537
888 242
500 671
447 518
233 430
487 140
812 661
194 649
25 998
879 398
927 361
642 917
393 738
265 668
841 10
229 805
253 825
467 363
956 119
927 325
878 365
451 163
50 937
479 19
57 109
306 15
369 404
670 214
32 544
922 401
97 659
773 136
481 722
196 59
838 474
517 789
92
809 36
828 259
786 158
712 458
317 568
972 464
395 665
898 496
51 589
514 410
153 502
78 415
844 202
897 134
796 287
856 577
458 728
690 901
501 734
449 46
369 531
425 691
942 558
62 219
228 816
813 728
357 195
211 860
744 991
66 846
599 367
332 205
962 648
257 868
860 939
264 828
253 597
856 799
896 424
717 193
767 811
971 613
577 1000
876 358
609 710
681 228
594 640
538 136
496 286
524 742
976 123
883 279
299 173
713 773
624 868
852 772
175 978
129 463
619 40
639 472
761 188
970 320
783 489
14 897
122 793
132 765
60 86
938 294
759 477
951 199
998 844
92 703
710 540
309 223
419 440
481 894
700 308
660 891
377 321
779 217
662 903
151 916
66 764
790 280
192 652
417 504
207 462
527 820
44 551
800 742
572 698
284 942
89
587 973
316 116
81 841
941 519
919 905
735 653
499 410
807 948
309 424
918 701
349 504
278 475
975 756
583 674
54 459
599 32
302 301
733 33
947 227
542 602
269 832
547 100
168 117
161 780
572 384
908 825
314 785
670 454
481 777
432 622
113 814
485 958
380 369
721 948
866 51
142 55
760 577
663 317
741 478
440 919
369 228
193 981
342 416
959 637
193 371
922 875
641 911
581 709
316 311
830 965
393 252
996 52
244 267
236 36
596 825
350 400
61 576
182 641
854 225
875 585
602 830
685 948
629 200
504 957
79 281
125 439
938 269
794 526
170 579
346 734
318 503
466 506
491 363
516 625
595 817
313 765
166 48
50 655
792 968
514 601
771 129
470 672
904 927
65 889
314 98
169 263
682 818
679 458
489 48
88
333 535
847 54
909 566
582 649
888 931
152 905
887 117
913 347
651 396
510 439
278 808
455 817
642 30
248 43
654 103
565 374
111 919
338 216
437 644
594 221
717 427
672 213
130 541
717 450
565 777
481 778
307 324
812 848
504 703
918 169
241 48
548 353
949 400
276 221
398 153
296 419
894 866
457 963
605 430
954 325
806 500
618 1000
39 224
114 954
658 586
310 839
757 627
275 78
911 217
120 448
535 538
302 804
208 104
127 877
484 597
30 110
359 845
36 543
949 931
601 12
24 460
677 712
626 955
212 336
864 994
553 830
989 543
687 525
834 453
301 344
387 267
864 43
831 267
511 788
382 793
837 202
273 870
843 14
49 410
312 817
334 67
81 563
950 817
83 248
83 929
972 71
713 578
881 739
70
866 165
381 20
783 179
992 572
511 763
7 460
51 217
761 308
26 769
292 645
237 554
693 976
262 349
49 834
345 117
700 841
511 649
433 694
935 359
595 705
587 426
429 729
4 70
192 544
990 582
957 396
79 192
716 657
599 411
937 659
932 611
496 656
137 378
137 917
506 244
839 848
192 459
613 823
523 949
51 638
37 738
138 420
187 356
69 528
486 516
123 6
150 950
436 363
193 931
394 74
469 198
266 564
967 593
3 884
641 840
316 832
935 816
628 751
240 183
279 53
336 555
495 739
377 9
380 807
971 375
677 665
772 514
317 823
791 216
500 399
55
847 741
270 397
238 422
884 148
17 743
478 349
703 968
711 721
64 373
786 179
727 502
530 228
743 667
170 591
44 143
326 447
537 299
236 183
235 773
858 606
711 759
681 62
149 134
676 710
265 846
655 926
149 3
260 286
95 652
137 858
914 554
494 209
427 37
281 655
27 361
285 236
159 541
528 946
440 132
701 5
23 730
741 497
926 396
918 610
211 671
358 563
268 495
633 802
478 542
148 413
685 338
505 195
855 125
803 964
477 573
64
689 71
938 233
871 551
628 582
730 288
586 109
545 604
764 566
778 187
756 727
272 797
492 512
280 176
60 993
359 979
422 622
294 277
864 371
345 960
468 160
77 221
661 290
897 91
843 418
574 222
185 777
337 292
528 452
302 839
533 367
77 622
142 930
184 337
906 410
201 788
140 274
749 272
118 355
408 684
138 289
629 428
704 491
591 795
308 60
884 426
364 1000
394 489
630 64
79 485
962 358
232 776
943 574
189 921
633 699
179 534
853 815
228 345
50 389
471 553
51 675
434 82
512 51
516 601
555 203
20
823 998
92 980
37 297
253 351
252 69
582 12
108 162
922 935
631 758
861 778
68 918
164 417
244 867
300 582
323 83
567 213
12 109
661 922
576 325
971 255
40
805 567
582 418
665 796
52 953
90 250
308 850
135 529
910 841
973 771
831 812
494 841
231 891
782 164
160 916
742 755
463 758
745 220
631 603
881 628
11 753
610 193
745 366
597 637
668 70
537 450
257 367
10 115
285 523
447 57
385 779
707 355
774 92
497 231
427 182
190 801
512 260
323 790
328 962
774 941
88 902
42
187 838
981 587
42 232
27 790
890 82
677 931
515 782
86 991
231 990
946 736
495 393
295 595
289 937
220 709
533 425
217 877
559 71
379 746
30 498
330 535
901 434
963 555
157 50
313 665
488 758
842 805
428 829
100 408
369 543
894 275
777 348
764 130
291 991
601 508
586 389
445 797
475 863
756 277
321 785
979 966
793 92
351 966
1
215 568
4
579 968
352 971
261 354
58 440
65
367 775
69 919
794 520
457 415
169 807
262 59
196 369
753 216
91 585
691 963
566 395
880 929
179 781
390 119
759 249
338 168
450 948
7 536
326 586
954 77
643 509
193 207
603 108
578 837
803 510
788 386
270 497
354 440
117 327
139 912
512 711
124 658
736 574
264 638
11 509
294 711
731 482
301 982
86 112
100 933
124 576
14 140
270 656
295 315
997 682
491 585
682 466
920 756
678 558
996 253
436 452
21 87
948 597
202 172
253 524
281 91
181 113
651 374
954 958
415 813
888 249
917 597
314 8
63 678
625 515
1
430 227
20
525 154
788 969
966 347
863 221
957 194
460 709
13 847
674 915
903 587
823 773
862 845
532 740
946 164
153 29
584 380
686 522
248 78
302 55
669 922
910 562
60
372 746
117 613
654 310
15 615
637 326
780 619
669 30
320 228
144 374
583 410
778 398
720 601
745 487
207 854
31 803
525 433
183 94
261 220
22 164
664 775
673 33
133 393
225 177
335 334
508 956
538 780
597 32
61 474
447 940
106 940
979 352
210 811
638 466
696 902
442 192
368 471
264 267
236 886
367 425
340 799
499 240
655 125
725 34
440 726
643 5
578 549
316 919
881 954
853 831
186 989
865 231
89 727
554 663
434 974
307 891
114 346
351 42
129 665
685 547
776 836
42
805 300
661 84
603 759
976 239
793 866
714 375
776 210
406 305
119 881
418 974
398 258
300 652
624 833
393 718
185 863
180 57
270 129
1000 696
720 476
465 55
628 14
634 729
55 246
36 371
305 685
299 354
944 86
774 57
234 622
942 399
874 35
457 767
293 143
488 543
849 606
305 799
233 276
156 677
495 626
90 663
574 347
34 317
80
560 715
316 376
948 679
655 598
380 965
963 882
40 960
645 257
793 178
811 609
337 710
342 417
597 423
494 359
227 515
570 27
143 248
646 917
447 476
42 388
909 764
523 177
227 80
987 695
996 969
648 401
725 862
629 548
397 426
858 195
33 859
960 15
179 915
214 541
67 490
467 324
138 949
147 911
987 966
945 271
17 925
677 564
938 815
490 137
631 3
740 948
237 772
905 306
617 394
764 561
315 433
707 320
901 313
177 164
608 437
923 966
828 757
895 199
501 981
284 387
802 540
999 430
116 34
535 23
244 571
580 665
679 488
14 379
466 412
500 311
181 346
312 921
462 689
62 364
53 89
341 428
645 198
719 958
840 101
111 117
74
610 196
615 908
469 862
92 915
528 993
370 585
62 279
92 180
467 868
44 43
587 191
688 996
83 968
858 343
324 88
15 396
576 890
33 330
119 826
985 904
517 180
797 804
946 68
99 697
1000 488
369 465
189 590
223 355
329 891
254 916
6 458
328 739
149 673
472 91
95 191
606 132
552 489
538 524
151 128
936 644
875 87
408 590
171 769
333 660
703 829
218 242
399 346
440 943
320 658
916 793
622 873
786 134
89 606
189 643
252 186
297 429
705 911
79 799
162 565
642 369
501 449
592 575
57 355
889 854
222 773
263 612
782 915
29 929
765 68
652 497
571 998
322 333
268 516
158 529
54
897 930
353 979
831 678
713 638
4 380
268 71
644 931
652 913
292 573
843 266
46 553
932 51
661 177
953 273
179 657
251 782
983 704
740 963
141 822
10 655
682 313
83 575
122 152
213 405
191 23
465 749
818 674
639 231
613 664
533 792
872 376
854 571
619 958
841 610
49 508
431 842
99 330
791 49
699 722
710 689
749 711
939 235
529 227
425 657
630 915
458 362
582 443
307 146
32 148
314 81
5 559
782 606
525 247
412 966
22
680 448
215 571
555 508
580 820
604 9
335 657
786 114
632 599
706 610
859 112
198 887
359 651
478 375
47 216
939 871
639 80
781 919
945 517
629 965
674 23
956 944
543 995
96
958 316
790 61
441 628
782 998
27 925
315 413
998 176
215 528
903 390
296 704
645 201
350 79
413 212
772 922
575 457
272 396
869 573
103 502
672 190
955 157
609 530
738 552
926 230
960 334
619 228
364 44
878 531
600 769
630 516
373 859
367 67
883 218
739 953
913 167
991 658
991 395
804 18
216 524
876 719
924 287
153 131
208 483
842 682
913 755
457 499
752 737
605 948
477 460
977 157
141 539
78 58
534 990
49 62
208 384
564 421
476 503
326 768
149 452
289 165
764 108
114 183
291 196
126 887
28 728
818 342
320 858
397 538
915 496
649 841
145 490
473 406
937 70
307 531
188 295
512 222
260 383
747 871
420 30
744 81
457 808
207 401
384 692
733 185
398 823
254 827
925 5
30 589
241 532
548 227
682 640
202 483
318 679
141 695
609 264
342 187
524 521
39
205 538
211 731
424 76
44 948
805 345
125 793
364 507
718 817
910 558
816 251
795 393
718 882
922 76
821 454
839 324
836 124
333 748
412 66
814 625
344 512
631 512
653 10
825 456
846 143
448 846
91 742
756 271
654 193
839 107
937 76
127 746
213 460
657 84
698 629
250 578
479 942
578 224
803 318
613 236
96
661 482
611 176
640 332
169 38
874 825
806 993
909 781
119 473
624 735
162 883
331 722
863 262
312 760
392 374
538 509
572 578
182 979
691 980
442 174
150 27
77 880
966 538
955 583
799 1000
872 183
566 455
97 871
29 919
213 459
702 458
506 614
279 210
821 511
914 125
700 583
73 418
938 327
295 23
768 95
624 601
956 728
120 51
158 409
693 620
216 141
804 856
81 170
404 790
738 305
494 676
440 868
175 980
709 801
421 264
604 340
977 516
571 233
588 925
108 775
428 437
820 562
534 701
159 55
893 505
569 20
772 586
581 223
753 852
91 813
583 845
235 919
610 224
69 436
232 825
532 836
529 146
903 640
414 633
402 738
446 246
169 155
802 493
976 143
12 494
737 845
341 291
388 439
276 512
637 555
899 580
225 573
332 74
192 472
624 299
970 736
648 113
98
846 6
48 472
248 680
432 688
414 19
339 657
724 626
832 484
820 860
57 221
194 719
439 753
658 127
465 363
707 723
989 329
13 372
404 301
345 747
13 934
16 752
347 10
798 692
523 326
656 957
860 120
316 953
658 216
161 108
448 379
990 382
625 582
83 573
184 264
215 563
77 391
352 939
472 858
468 918
146 420
105 360
568 246
553 19
420 40
822 906
419 258
82 862
736 972
577 121
390 615
611 366
932 525
790 303
473 644
737 258
779 38
199 328
700 425
111 441
743 901
747 179
484 685
747 103
694 228
743 752
802 141
466 221
245 591
879 77
863 239
907 327
494 736
492 974
260 465
322 727
802 849
628 667
68 969
431 530
892 748
665 13
207 853
444 62
483 305
680 883
828 833
39 965
794 15
154 453
870 560
663 854
829 352
840 909
892 785
821 581
989 591
262 93
937 861
34
668 399
947 184
258 998
25 490
573 908
302 554
381 514
602 136
984 1
938 440
956 156
404 220
168 318
474 551
548 782
211 245
399 39
441 799
705 780
350 99
371 868
384 532
290 393
406 945
96 935
227 134
81 774
211 605
618 271
153 450
432 443
273 161
9 784
155 457
73
701 6
943 611
538 156
67 554
609 154
577 27
871 584
402 888
936 722
505 191
604 612
118 178
276 148
918 883
709 698
53 215
368 524
566 527
922 124
369 683
189 417
307 489
533 248
645 813
508 303
36 457
557 298
308 66
383 488
792 985
421 80
95 98
389 553
534 754
361 452
169 867
20 762
748 764
105 15
710 710
678 148
152 236
426 215
64 106
247 573
129 521
905 778
833 251
351 653
924 563
303 13
839 591
240 962
303 312
207 334
895 987
735 429
206 67
150 356
377 661
437 327
130 576
183 236
15 33
216 689
773 235
954 753
723 920
505 221
327 628
884 467
760 501
974 578
74
326 297
302 887
564 605
460 699
729 106
510 859
759 896
785 697
578 803
5 311
437 983
213 946
922 388
423 246
17 827
167 77
589 368
276 323
372 199
538 272
703 387
293 927
286 263
449 298
650 772
389 796
524 583
162 642
921 62
181 81
494 739
946 166
757 969
64 421
918 767
234 88
274 163
430 328
449 467
76 495
504 818
956 244
78 229
583 295
683 538
505 832
771 381
963 958
927 799
416 444
21 128
117 643
439 759
521 603
541 147
296 733
629 369
263 616
261 774
974 209
205 21
669 162
525 302
108 939
685 837
984 376
116 108
869 167
679 22
287 643
823 935
605 853
653 639
730 835
50
137 938
706 962
354 474
749 580
530 278
367 16
665 841
51 211
150 535
615 717
679 264
63 883
154 838
788 833
285 800
951 910
844 774
882 573
521 897
714 218
984 768
70 948
825 813
459 446
476 138
560 957
963 733
333 969
500 622
8 242
652 853
19 380
818 191
79 106
157 471
321 549
870 746
423 494
639 807
940 815
726 198
898 199
696 167
916 231
739 595
450 136
277 896
389 466
68 166
889 951
63
687 908
304 107
752 47
852 506
151 494
339 761
282 883
656 71
310 934
678 75
929 487
752 920
237 72
322 231
874 280
654 214
858 954
46 971
503 916
307 593
17 562
664 948
287 777
192 67
803 716
395 906
376 219
331 719
114 588
116 890
25 561
980 441
120 738
636 115
700 256
285 103
223 87
241 820
341 148
731 398
420 368
576 984
804 487
99 309
166 556
48 920
588 492
40 250
833 152
882 136
478 621
587 310
102 144
853 820
41 255
42 682
513 365
987 95
15 972
113 364
569 957
876 457
446 467
42
892 962
341 841
579 871
28 965
692 109
668 452
338 804
679 319
595 206
120 698
521 61
666 776
604 212
753 254
786 790
12 674
121 55
402 433
540 642
52 54
25 494
849 965
988 425
70 611
952 713
730 216
337 493
456 184
866 394
647 311
504 935
296 459
967 178
912 560
524 170
29 372
19 248
422 907
106 913
271 799
722 371
546 247
48
195 217
45 782
735 414
660 237
927 412
811 335
108 777
975 50
475 478
928 495
146 436
516 747
839 948
79 20
675 195
648 437
819 43
376 189
202 696
328 419
957 125
402 596
762 12
96 829
30 40
122 924
503 140
568 871
425 34
590 79
123 821
296 881
960 294
484 632
942 426
143 583
720 327
271 796
460 344
952 702
614 265
583 548
775 167
685 396
255 606
846 163
620 264
963 640
39
358 21
329 223
582 853
679 638
798 771
138 478
101 145
11 882
991 659
972 446
895 305
309 568
796 12
639 934
694 354
779 106
453 119
310 109
792 960
928 625
129 781
659 829
473 619
112 206
2 155
2 581
726 587
337 259
83 585
126 789
571 72
273 700
392 354
949 295
639 848
347 746
710 956
89 513
866 116
43
108 199
68 723
931 592
210 711
925 392
333 77
414 233
349 79
59 92
803 567
47 454
96 697
214 792
548 869
750 723
944 809
548 668
832 392
125 476
193 94
920 578
856 17
828 355
526 28
689 998
934 368
276 219
888 793
144 146
67 638
269 158
802 143
186 771
957 689
185 942
244 661
207 547
594 820
783 901
19 773
988 426
828 30
99 688
23
308 659
945 375
587 806
330 17
711 134
306 796
924 978
409 297
768 771
134 563
690 16
850 701
247 971
212 779
583 914
60 824
432 894
492 856
606 943
336 607
93 738
433 359
693 857
97
734 616
254 40
584 732
423 197
519 107
610 754
478 20
298 479
495 620
706 450
40 592
418 739
631 883
874 567
235 925
160 888
984 806
583 970
876 623
19 180
937 454
323 583
872 29
875 373
197 250
505 631
273 424
571 477
725 146
310 501
284 995
740 744
966 766
784 447
129 487
380 689
466 242
980 289
97 152
132 845
80 912
877 640
928 102
293 992
374 181
928 908
415 921
128 265
935 941
309 161
502 668
370 907
95 612
852 975
304 778
617 838
66 640
887 998
21 480
997 564
737 606
799 60
801 836
941 668
72 450
614 604
781 183
554 726
598 931
365 496
337 52
703 45
735 425
573 470
3 684
729 540
213 323
793 864
367 965
426 648
483 595
308 422
666 339
11 872
601 160
460 412
306 696
441 45
616 974
87 527
47 334
310 407
482 610
389 519
172 98
984 701
736 868
69
279 463
21 413
455 569
220 339
203 973
79 568
52 789
272 197
250 263
395 161
357 389
460 252
3 353
367 298
613 311
101 814
179 673
4 601
120 949
11 887
331 977
559 245
81 890
268 854
490 258
360 640
608 847
587 520
452 75
263 853
232 445
507 753
457 416
617 68
110 919
510 826
23 969
10 501
366 130
432 833
542 110
336 505
546 101
70 959
490 926
624 879
176 988
353 858
490 591
35 934
622 911
232 870
41 810
253 809
566 239
471 861
136 698
188 209
475 182
317 16
89 706
515 863
352 883
591 355
483 763
294 227
95 385
30 451
393 699
1
13 457
19
6 915
18 836
10 465
7 482
17 981
7 76
13 439
3 421
16 479
5 943
12 706
19 385
16 108
2 363
15 622
4 391
6 676
14 786
17 446
1
1 628
1
1 686
1
1 4
1
1 429
1
1 332
1
1 779
1
1 19
1
1 904
1
1 798
1
1 999
1
1 811
1
1 52
1
1 894
1
1 267
1
1 853
1
1 800
1
1 930
1
1 198
1
1 69
1
1 574
1
1 299
1
1 127
1
1 119
1
1 632
1
1 194
1
1 18
1
1 426
1
1 500
1
1 562
1
1 472
1
1 644
1
1 911
1
1 441
1
1 880
1
1 885
1
1 414
1
1 177
1
1 779
1
1 528
1
1 699
1
1 480
1
1 575
1
1 699
1
1 389
1
1 51
1
1 427
1
1 590
1
1 766
1
1 490
1
1 652
1
1 977
1
1 29
1
1 459
1
1 686
1
1 362
1
1 589
1
1 596
1
1 571
1
1 147
1
1 72
1
1 805
1
1 854
1
1 225
1
1 182
1
1 588
1
1 343
1
1 604
1
1 830
1
1 309
1
1 205
1
1 469
1
1 659
1
1 272
1
1 946
1
1 106
1
1 610
1
1 742
1
1 771
1
1 281
1
1 901
1
1 196
1
1 762
1
1 277
1
1 817
1
1 72
1
1 144
1
1 518
1
1 484
1
1 324
1
1 116
1
1 436
1
1 702
1
1 358
1
1 767
1
1 127
1
1 90
1
1 465
1
1 852
1
1 877
1
1 521
1
1 187
1
1 158
1
1 676
1
1 454
1
1 711
1
1 29
1
1 308
1
1 715
1
1 197
1
1 165
1
1 197
1
1 628
1
1 16
1
1 813
1
1 394
1
1 854
1
1 276
1
1 921
1
1 490
1
1 748
1
1 726
1
1 555
1
1 451
1
1 571
1
1 704
1
1 109
1
1 435
1
1 463
1
1 749
1
1 90
1
1 390
1
1 603
1
1 839
1
1 21
1
1 442
1
1 584
1
1 704
1
1 471
1
1 57
1
1 462
1
1 918
1
1 104
1
1 797
1
1 783
1
1 781
1
1 973
1
1 509
1
1 317
1
1 321
1
1 904
1
1 656
1
1 789
1
1 186
1
1 463
1
1 416
1
1 511
1
1 827
1
1 749
1
1 873
1
1 820
1
1 18
1
1 660
1
1 124
1
1 798
1
1 989
1
1 131
1
1 5
1
1 992
1
1 458
1
1 307
1
1 993
1
1 310
1
1 461
1
1 685
1
1 991
1
1 402
1
1 324
1
1 939
1
1 422
1
1 42
1
1 289
1
1 516
1
1 893
1
1 230
1
1 111
1
1 625
1
1 993
1
1 996
1
1 660
1
1 917
1
1 35
1
1 778
1
1 136
1
1 496
1
1 492
1
1 304
1
1 965
1
1 74
1
1 649
1
1 313
1
1 319
1
1 57
1
1 576
1
1 687
1
1 684
1
1 166
1
1 601
1
1 146
1
1 287
1
1 992
1
1 255
1
1 641
1
1 360
1
1 931
1
1 765
1
1 273
1
1 759
1
1 559
1
1 511
1
1 159
1
1 822
1
1 79
1
1 55
1
1 517
1
1 165
1
1 187
1
1 83
1
1 172
1
1 617
1
1 222
1
1 31
1
1 454
1
1 86
1
1 518
1
1 480
1
1 979
1
1 809
1
1 74
1
1 822
1
1 317
1
1 602
1
1 826
1
1 568
1
1 90
1
1 937
1
1 135
1
1 211
1
1 20
1
1 31
1
1 168
1
1 154
1
1 665
1
1 318
1
1 513
1
1 251
1
1 36
1
1 247
1
1 668
1
1 447
1
1 805
1
1 195
1
1 745
1
1 38
1
1 532
1
1 753
1
1 228
1
1 432
1
1 714
1
1 536
1
1 530
1
1 3
1
1 73
1
1 976
1
1 555
1
1 775
1
1 3
1
1 904
1
1 689
1
1 246
1
1 103
1
1 384
1
1 19
1
1 886
1
1 588
1
1 352
1
1 923
1
1 799
1
1 596
1
1 86
1
1 547
1
1 608
1
1 13
1
1 424
1
1 339
1
1 654
1
1 520
1
1 970
1
1 882
1
1 338
1
1 155
1
1 506
1
1 362
1
1 464
1
1 954
1
1 178
1
1 739
1
1 782
1
1 776
1
1 65
1
1 486
1
1 621
1
1 959
1
1 515
1
1 577
1
1 959
1
1 84
1
1 168
1
1 823
1
1 890
1
1 850
1
1 480
1
1 533
1
1 711
1
1 242
1
1 366
1
1 343
1
1 145
1
1 85
1
1 922
1
1 710
1
1 134
1
1 263
1
1 580
1
1 591
1
1 503
1
1 679
1
1 584
1
1 965
1
1 390
1
1 390
1
1 89
1
1 612
1
1 721
1
1 364
1
1 210
1
1 653
1
1 130
1
1 644
1
1 530
1
1 57
1
1 183
1
1 652
1
1 739
1
1 631
1
1 250
1
1 518
1
1 833
1
1 298
1
1 345
1
1 866
1
1 66
1
1 810
1
1 55
1
1 359
1
1 614
1
1 912
1
1 912
1
1 264
1
1 823
1
1 240
1
1 306
1
1 483
1
1 923
1
1 8
1
1 460
1
1 906
1
1 965
1
1 842
1
1 240
1
1 637
1
1 351
1
1 937
1
1 502
1
1 557
1
1 176
1
1 219
1
1 285
1
1 145
1
1 384
1
1 614
1
1 601
1
1 457
1
1 485
1
1 9
1
1 143
1
1 395
1
1 793
1
1 489
1
1 395
1
1 818
1
1 322
1
1 210
1
1 211
1
1 211
1
1 993
1
1 497
1
1 172
1
1 306
1
1 592
1
1 623
1
1 471
1
1 159
1
1 585
1
1 46
1
1 164
1
1 222
1
1 323
1
1 460
1
1 610
1
1 560
1
1 400
1
1 335
1
1 332
1
1 940
1
1 474
1
1 195
1
1 851
1
1 142
1
1 285
1
1 285
1
1 247
1
1 530
1
1 723
1
1 973
1
1 263
1
1 895
1
1 94
1
1 138
1
1 362
1
1 997
1
1 317
1
1 337
1
1 994
1
1 811
1
1 704
1
1 112
1
1 318
1
1 993
1
1 516
1
1 681
1
1 935
1
1 339
1
1 626
1
1 795
1
1 340
1
1 946
1
1 6
1
1 928
1
1 77
1
1 991
1
1 528
1
1 832
1
1 11
1
1 394
1
1 769
1
1 463
1
1 770
1
1 774
1
1 412
1
1 136
1
1 219
1
1 462
1
1 567
1
1 947
1
1 173
1
1 362
1
1 410
1
1 202
1
1 368
1
1 780
1
1 895
1
1 460
1
1 415
1
1 954
1
1 465
1
1 758
1
1 714
1
1 842
1
1 650
1
1 101
1
1 996
1
1 744
1
1 154
1
1 804
1
1 965
1
1 150
1
1 991
1
1 542
1
1 465
1
1 461
1
1 848
1
1 219
1
1 262
1
1 255
1
1 689
1
1 727
1
1 114
1
1 895
1
1 969
1
1 180
1
1 770
1
1 433
1
1 375
1
1 592
1
1 959
1
1 646
1
1 98
1
1 225
1
1 216
1
1 635
1
1 201
1
1 447
1
1 87
1
1 908
1
1 627
1
1 588
1
1 608
1
1 389
1
1 430
1
1 826
1
1 694
1
1 179
1
1 283
1
1 104
1
1 998
1
1 174
1
1 570
1
1 289
1
1 103
1
1 495
1
1 75
1
1 140
1
1 331
1
1 981
1
1 847
1
1 343
1
1 891
1
1 663
1
1 276
1
1 22
1
1 753
1
1 470
1
1 605
1
1 40
1
1 318
1
1 419
1
1 534
1
1 852
1
1 179
1
1 716
1
1 649
1
1 480
1
1 946
1
1 609
1
1 848
1
1 755
1
1 979
1
1 863
1
1 371
1
1 458
1
1 848
1
1 701
1
1 192
1
1 337
1
1 47
1
1 810
1
1 988
1
1 841
1
1 127
1
1 60
1
1 71
1
1 877
1
1 530
1
1 545
1
1 833
1
1 763
1
1 669
1
1 6
1
1 931
1
1 725
1
1 234
1
1 638
1
1 324
1
1 272
1
1 786
1
1 80
1
1 673
1
1 438
1
1 834
1
1 137
1
1 615
1
1 52
1
1 893
1
1 915
1
1 232
1
1 759
1
1 49
1
1 893
1
1 982
1
1 83
1
1 942
1
1 511
1
1 142
1
1 194
1
1 383
1
1 1
1
1 143
1
1 553
1
1 630
1
1 984
1
1 590
1
1 933
1
1 395
1
1 692
1
1 308
1
1 575
1
1 928
1
1 158
1
1 329
1
1 829
1
1 385
1
1 872
1
1 252
1
1 892
1
1 826
1
1 456
1
1 249
1
1 303
1
1 437
1
1 35
1
1 773
1
1 508
1
1 756
1
1 86
1
1 604
1
1 561
1
1 231
1
1 312
1
1 151
1
1 511
1
1 657
1
1 131
1
1 144
1
1 806
1
1 324
1
1 684
1
1 533
1
1 381
1
1 612
1
1 65
1
1 497
1
1 529
1
1 185
1
1 121
1
1 297
1
1 583
1
1 310
1
1 541
1
1 553
1
1 299
1
1 152
1
1 371
1
1 119
1
1 250
1
1 277
1
1 460
1
1 384
1
1 802
1
1 443
1
1 968
1
1 20
1
1 441
1
1 697
1
1 139
1
1 635
1
1 695
1
1 733
1
1 617
1
1 71
1
1 216
1
1 163
1
1 58
1
1 806
1
1 961
1
1 973
1
1 634
1
1 977
1
1 60
1
1 258
1
1 292
1
1 880
1
1 138
1
1 654
1
1 304
1
1 269
1
1 191
1
1 613
1
1 74
1
1 925
1
1 449
1
1 170
1
1 523
1
1 104
1
1 49
1
1 809
1
1 850
1
1 721
1
1 455
1
1 634
1
1 229
1
1 530
1
1 330
1
1 783
1
1 593
1
1 49
1
1 92
1
1 771
1
1 737
1
1 192
1
1 296
1
1 938
1
1 323
1
1 286
1
1 856
1
1 151
1
1 741
1
1 140
1
1 232
1
1 393
1
1 14
1
1 185
1
1 270
1
1 411
1
1 636
1
1 738
1
1 359
1
1 922
1
1 34
1
1 803
1
1 514
1
1 909
1
1 647
1
1 826
1
1 755
1
1 779
1
1 428
1
1 590
1
1 773
1
1 962
1
1 469
1
1 580
1
1 331
1
1 834
1
1 197
1
1 86
1
1 779
1
1 259
1
1 363
1
1 214
1
1 154
1
1 987
1
1 570
1
1 109
1
1 61
1
1 497
1
1 995
1
1 916
1
1 715
1
1 476
1
1 941
1
1 956
1
1 450
1
1 100
1
1 527
1
1 749
1
1 341
1
1 1000
1
1 542
1
1 630
1
1 275
1
1 272
1
1 714
1
1 189
1
1 725
1
1 154
1
1 482
1
1 845
1
1 358
1
1 824
1
1 911
1
1 95
1
1 492
1
1 110
1
1 278
1
1 869
1
1 465
1
1 749
1
1 79
1
1 539
1
1 613
1
1 258
1
1 56
1
1 447
1
1 1
1
1 146
1
1 452
1
1 272
1
1 974
1
1 942
1
1 31
1
1 327
1
1 569
1
1 614
1
1 146
1
1 851
1
1 496
1
1 890
1
1 728
1
1 577
1
1 797
1
1 414
1
1 796
1
1 471
1
1 221
1
1 809
1
1 984
1
1 1000
1
1 813
1
1 10
1
1 438
1
1 500
1
1 20
1
1 304
1
1 646
1
1 680
1
1 717
1
1 197
1
1 800
1
1 682
1
1 349
1
1 167
1
1 82
1
1 892
1
1 190
1
1 592
1
1 694
1
1 99
1
1 44
1
1 929
1
1 934
1
1 727
1
1 109
1
1 369
1
1 410
1
1 500
1
1 518
1
1 301
1
1 912
1
1 763
1
1 226
1
1 569
1
1 161
1
1 869
1
1 949
1
1 503
1
1 606
1
1 435
1
1 797
1
1 856
1
1 522
1
1 264
1
1 441
1
1 298
1
1 658
1
1 851
1
1 87
1
1 802
1
1 794
1
1 881
1
1 295
1
1 801
1
1 633
1
1 69
1
1 557
